
function africa_pshape=coastline_africa(flag)

%--------------------------------------------------------------------------
% Polyshape object that is a coarse approximation of Africa (including
% Madagascar).
%--------------------------------------------------------------------------

% In vertices we store, respectively, Longitude and Latitute, in degrees.
% Column 1: Longitude. Column 2: Latitude.

madagascar_coord=[
    44.692595702572078 -16.172241632787330
    44.951115953285054 -16.124276543967774
    45.254998848595754 -15.946247665520591
    45.323783032117966 -15.966051316717168
    45.460792198416001 -16.025168564995823
    45.550881389007252 -15.994872826977952
    45.658566529235067 -15.835824862803094
    46.164865201239429 -15.723812976561669
    46.256132443170060 -15.944434052220792
    46.403001775808015 -15.941520309375202
    46.448520773489122 -15.849218319834041
    46.364568614866499 -15.630707105866994
    46.724329704667966 -15.401189940291488
    46.922366632418033 -15.329542146313946
    47.067652218311494 -15.432380173567227
    47.246264396131032 -15.329572247194939
    47.109774739565715 -15.100100014870064
    47.217996473668485 -14.947386177170534
    47.472718464919183 -14.708918582357889
    47.444391385160209 -14.906570489101453
    47.545743454582485 -14.931089312460454
    47.709287327118666 -14.655790509424977
    47.698823056768035 -14.580561034916274
    47.693907975783205 -14.425685893218573
    47.738942629324228 -14.293584661389083
    47.829274229125396 -14.296923795294257
    47.913286261455710 -14.257001401069839
    48.013094921669996 -14.111990702927583
    47.920997430471317 -13.725411384250929
    47.951551966606253 -13.574288687389124
    48.054054730633794 -13.552213557937328
    48.085662749977608 -13.558314729460553
    48.190300058988754 -13.778395314194000
    48.300625186431674 -13.819776617388014
    48.334924357826623 -13.537517226359050
    48.691560830818467 -13.405824574061686
    48.816995479760642 -13.297647543709006
    48.883165779054757 -13.114885597644031
    48.965172246868669 -12.839238790931347
    48.874405733118429 -12.642874401747568
    48.862793223576041 -12.520623864700369
    49.192215795886526 -12.198411715661068
    49.447235628484378 -12.362237340144906
    49.607753101584358 -12.675559862890795
    49.837774048679286 -12.836759530642079
    49.877551706897762 -12.934474465431780
    50.021182691999677 -13.318697418242648
    50.167802081358140 -14.115328168297115
    50.186796538938658 -14.376718159990951
    50.251447008131819 -14.751379476028154
    50.426662589488657 -15.087295980637192
    50.499448936094318 -15.302036905071610
    50.481409562100119 -15.473857932569995
    50.449556898891096 -15.547385766339556
    50.423324160388454 -15.594382764771911
    50.176701492296878 -15.977291460851598
    50.089412900207030 -15.913403783064654
    50.022580624103732 -15.757113965934504
    49.813865562251706 -15.424474084623581
    49.661119813958742 -15.472468265353635
    49.626025234022052 -15.637923169896014
    49.704816134370489 -15.994664514738872
    49.839879310091753 -16.265448428403651
    49.851663771441686 -16.455160582628977
    49.753897355921076 -16.716329050130401
    49.495453527221450 -17.121553943621496
    49.484175538736622 -17.320630476711127
    49.519789607878899 -17.711807510240149
    49.433480832276203 -18.142244697964866
    49.103939783225407 -19.105507363082925
    48.719367193310866 -20.274333071958782
    48.137749839306203 -21.998570992840573
    47.509935981337811 -24.029548775802066
    47.242984144637148 -24.735609859654680
    47.110037401936530 -24.852023404645745
    46.765213757568418 -25.142912853183365
    46.672950185639415 -25.192091096226722
    46.235357620507664 -25.243258516608165
    45.837793058501568 -25.393920693304558
    45.603915427913229 -25.548419912589562
    45.159174893173912 -25.596817259897378
    44.898585464776062 -25.392808498337665
    44.802500031788036 -25.332955338029706
    44.604311769803857 -25.259528330652401
    44.492528720999566 -25.295676555573152
    44.395452327797265 -25.274273149242479
    44.001190690910484 -24.963182549642944
    43.950137639017008 -24.859873853973241
    43.932209593335052 -24.622375702197420
    43.893812026719417 -24.540654413308964
    43.730972730929160 -24.452379921043217
    43.697020338457030 -24.372198988157404
    43.657344356341490 -24.044885210455380
    43.748709817153141 -23.548200292212968
    43.707048789787251 -23.387064040800997
    43.579893566640138 -23.145566417980120
    43.305513166907701 -22.675756886351113
    43.222090773884986 -22.428899381627875
    43.256100214683890 -22.102808301870919
    43.431892805733959 -21.433688268257296
    43.533108169934700 -21.332920242124498
    43.749762140456411 -21.255609047089916
    44.095914131827804 -20.658996814647079
    44.405683327748271 -20.148781453995952
    44.452629342908523 -20.006532873905176
    44.480101668255685 -19.521500738510490
    44.421380825808527 -19.358808367173364
    44.346449627513415 -19.257086172355169
    44.242205065345559 -19.090671188527327
    44.240533750198395 -19.005717431077528
    44.253825261852789 -18.769412812935450
    44.048416161483097 -18.381237814833021
    44.017390304153977 -18.081276075740377
    44.000984369468853 -17.861344565892828
    43.924889227540213 -17.552129101602546
    43.939133559415168 -17.501437246352943
    44.152405718021285 -17.124283107409664
    44.339700273404667 -16.854519712689463
    44.429478097211089 -16.659445671892001
    44.464576403540242 -16.193424052452059
    44.692595702572078 -16.172241632787330];

