function america_pshape=coastline_america

%--------------------------------------------------------------------------
% Polyshape object that is a coarse approximation of South and North
% America.
%--------------------------------------------------------------------------
% Information:
% Authors: A. Sommariva, M. Dessole and M. Vianello.
% Date: June 7, 2021.
%--------------------------------------------------------------------------

% In vertices we store, respectively, Longitude and Latitute, in degrees.
% Column 1: Longitude. Column 2: Latitude.

america_coord=[
    -73.361721999999986 -53.000416999999999
    -73.362611000000015 -53.000000000000000
    -72.890889000000016 -52.501666999999998
    -73.703389000000016 -52.796305999999994
    -73.739193999999998 -52.043360999999997
    -72.998333000000002 -52.083805999999996
    -72.988389000000041 -52.363777999999996
    -72.770805999999993 -51.969221999999995
    -72.918361000000004 -52.476278000000001
    -72.479221999999993 -51.792527999999997
    -73.144167000000039 -51.521667000000001
    -72.933528000000024 -51.156889000000000
    -73.425860999999998 -51.465027999999997
    -72.603053999999986 -51.772177999999997
    -73.362556000000041 -51.555028000000000
    -73.171013000000016 -52.036414000000001
    -73.402556000000004 -51.634194000000001
    -73.389763000000016 -52.042663999999995
    -73.930860999999993 -51.628332999999998
    -73.660861000000011 -51.111694000000000
    -74.237472000000025 -50.923333000000000
    -73.339249999999993 -50.694193999999996
    -73.569972000000007 -50.387082999999997
    -74.036667000000023 -50.851278000000001
    -73.962389000000030 -50.375028000000000
    -74.700917000000004 -50.210000000000001
    -73.861556000000007 -50.301277999999996
    -74.319194000000039 -49.640000000000001
    -73.649306000000024 -49.724166999999994
    -74.038333000000023 -49.192943999999997
    -74.412528000000009 -49.395832999999996
    -74.052972000000011 -48.744999999999997
    -74.395443999999998 -48.601693999999995
    -73.841361000000006 -48.407556000000000
    -74.652139000000034 -48.010027999999998
    -73.386806000000036 -48.288778000000001
    -73.678778000000023 -47.921666999999999
    -73.227222000000040 -48.019221999999999
    -73.730888999999991 -47.625471999999995
    -74.729611000000034 -47.714193999999999
    -73.915416999999991 -47.509194000000001
    -74.513750000000016 -47.454194000000001
    -73.923778000000027 -47.211666999999998
    -74.211694000000023 -46.754666999999998
    -74.850028000000009 -46.808749999999996
    -74.869250000000022 -46.437110999999994
    -75.522110999999995 -46.716667000000001
    -75.298361000000000 -46.947111000000000
    -75.622083000000032 -46.729194000000000
    -74.854611000000034 -46.372499999999995
    -74.563778000000013 -46.047556000000000
    -75.091250000000002 -45.884999999999998
    -74.727500000000020 -45.813749999999999
    -74.430889000000036 -46.047944000000001
    -74.084249999999997 -45.814639000000000
    -74.333750000000009 -46.132528000000001
    -73.994583000000034 -46.152527999999997
    -74.459610999999995 -46.199193999999999
    -73.869167000000004 -46.144610999999998
    -73.637472000000002 -46.539611000000001
    -73.141305999999986 -45.653360999999997
    -73.572528000000034 -45.784610999999998
    -73.492917000000034 -45.458388999999997
    -72.772110999999995 -45.407527999999999
    -73.516250000000014 -45.200027999999996
    -72.549639000000013 -44.527499999999996
    -73.287111000000039 -44.165028000000000
    -72.740388999999993 -43.845027999999999
    -73.102944000000036 -43.459193999999997
    -72.825444000000005 -42.515861000000001
    -72.496278000000018 -42.619166999999997
    -72.844583000000000 -42.302527999999995
    -72.489167000000009 -42.512943999999997
    -72.352944000000036 -42.175806000000001
    -72.884611000000007 -41.914138999999999
    -72.282916999999998 -41.393305999999995
    -72.578463999999997 -41.587474999999998
    -72.950861000000032 -41.474582999999996
    -73.765028000000029 -41.748750000000001
    -73.486278000000027 -41.569167000000000
    -73.959610999999995 -41.006721999999996
    -73.193750000000023 -39.442499999999995
    -73.685444000000018 -37.332499999999996
    -73.155417000000000 -37.114999999999995
    -71.618806000000006 -33.625833000000000
    -71.719583000000000 -30.599166999999998
    -71.277139000000034 -29.910027999999997
    -71.520443999999998 -28.913332999999998
    -70.449611000000004 -25.367500000000000
    -70.628805999999997 -23.504999999999999
    -70.057083000000034 -21.440027999999998
    -70.122944000000018 -20.009221999999998
    -70.307166999999993 -18.439222000000001
    -71.476721999999995 -17.291221999999998
    -75.143333000000041 -15.406277999999999
    -75.916278000000034 -14.654193999999999
    -76.398806000000036 -13.907499999999999
    -76.202111000000002 -13.395833000000000
    -77.657916999999998 -11.289999999999999
    -78.984611000000029 -8.212527999999999
    -79.981278000000032 -6.750861000000000
    -81.152139000000034 -5.979166999999999
    -80.852111000000036 -5.656694000000000
    -81.255417000000023 -4.272527999999999
    -80.004667000000040 -3.375028000000000
    -79.714639000000034 -2.596694000000000
    -79.877528000000041 -2.217111000000000
    -80.247500000000002 -2.738778000000000
    -80.898806000000036 -2.330833000000000
    -80.911249999999995 -1.054194000000000
    -80.275417000000004 -0.670000000000000
    -80.500444000000016 -0.392500000000000
    -79.948361000000034 0.170306000000000
    -80.090833000000032 0.775472000000000
    -78.928499999999985 1.063750000000000
    -79.033389000000000 1.635722000000000
    -78.530361000000028 1.766500000000000
    -78.562500000000000 2.441528000000000
    -77.767667000000017 2.663417000000000
    -77.131889000000001 3.637167000000000
    -77.023472000000027 3.919472000000000
    -77.530806000000041 4.205667000000000
    -77.294110999999987 6.558167000000000
    -78.401638999999989 7.923806000000000
    -78.058943999999997 8.424166999999999
    -78.420999999999992 8.347443999999999
    -79.087778000000014 9.040778000000000
    -80.473388999999997 8.230777999999999
    -79.992472000000021 7.516471999999999
    -80.439639000000000 7.239833000000000
    -80.890028000000029 7.205639000000000
    -81.056221999999991 7.914889000000000
    -81.515639000000021 7.709055999999999
    -81.760721999999987 8.213528000000000
    -82.718083000000036 8.326694000000000
    -82.892694000000006 8.033222000000000
    -83.380389000000037 8.744778000000000
    -83.277250000000038 8.386417000000000
    -83.569194000000039 8.440555999999999
    -83.622444000000030 9.041167000000000
    -84.741417000000013 9.968943999999999
    -85.282639000000017 10.267693999999999
    -84.862444000000039 9.829749999999999
    -85.110111000000018 9.554943999999999
    -85.672555999999986 9.904888999999999
    -85.661056000000031 10.776000000000000
    -85.952583000000004 10.892610999999999
    -85.670667000000037 11.060333000000000
    -87.692361000000005 12.909471999999999
    -87.303471999999999 12.924971999999999
    -87.404083000000014 13.417721999999999
    -88.717500000000030 13.264222000000000
    -88.467889000000014 13.157444000000000
    -91.305333000000019 13.948832999999999
    -94.319139000000007 16.139972000000000
    -96.563417000000015 15.645000000000000
    -101.071722000000022 17.266472000000000
    -101.950139000000036 17.960943999999998
    -103.509917000000030 18.312666999999998
    -105.519306000000000 20.032471999999999
    -105.695278000000002 20.409889000000000
    -105.246778000000006 20.582360999999999
    -105.540333000000004 20.770139000000000
    -105.190333000000010 21.460916999999998
    -105.973444000000001 22.879943999999998
    -107.995583000000011 24.646722000000000
    -108.044194000000005 25.068749999999998
    -109.399639000000008 25.681639000000001
    -109.093389000000002 26.286360999999999
    -110.523944000000000 27.291360999999998
